0 49 0
1 81 0
2 29 0
3 37 0
4 354 0
5 247 0
6 4 0
7 110 0
8 34 0
9 104 0
10 50 0
11 40 0
12 102 0
13 28 0
14 62 1
15 188 0
16 52 0
17 35 0
18 222 0
19 461 0
20 27 1
21 59 0
22 58 0
23 29 1
24 24 0
25 62 0
26 47 0
27 23 0
28 179 1
29 11 1
30 39 1
31 51 1
32 87 1
33 16 0
34 30 0
35 42 0
36 43 0
37 27 0
38 21 0
39 39 0
40 26 1
41 22 0
42 19 0
43 8 0
44 38 0
45 20 0
46 9 0
47 41 0
48 94 0
49 36 0
50 16 1
51 5 1
52 129 0
53 0 0
54 388 0
55 390 0
56 61 0
57 55 0
58 86 1
59 95 0
60 82 0
61 47 1
62 140 0
63 113 0
64 54 0
65 76 1
66 70 0
67 97 0
68 15 0
69 157 0
70 417 0
71 67 0
72 103 0
73 40 1
74 57 0
75 50 1
76 146 0
77 69 0
78 46 0
79 144 0
80 175 0
81 177 0
82 17 0
83 44 0
84 64 1
85 490 0
86 252 0
87 389 0
88 465 0
89 494 1
90 25 0
91 124 1
92 59 1
93 148 1
94 23 1
95 28 1
96 66 0
97 220 0
98 156 0
99 33 0
100 14 1
101 99 0
102 146 1
103 136 0
104 3 1
105 159 0
106 88 1
107 53 1
108 63 0
109 1 0
110 92 0
111 32 0
112 3 0
113 13 0
114 98 0
115 72 0
116 112 1
117 99 1
118 91 0
119 31 0
120 51 0
121 137 0
122 412 0
123 362 0
124 168 0
125 277 0
126 73 0
127 219 1
128 112 0
129 163 0
130 173 0
131 287 1
132 141 0
133 183 1
134 143 0
135 77 1
136 83 1
137 71 1
138 290 0
139 65 1
140 45 0
141 68 0
142 357 0
143 48 0
144 100 0
145 380 0
146 74 1
147 101 1
148 71 0
149 56 0
150 285 0
151 279 0
152 116 0
153 293 0
154 123 1
155 134 1
156 131 0
157 93 0
158 143 1
159 35 1
160 131 1
161 53 0
162 358 0
163 214 0
164 317 1
165 171 0
166 305 1
167 320 0
168 326 0
169 160 0
170 293 1
171 296 0
172 281 1
173 41 1
174 268 0
175 253 0
176 313 0
177 150 0
178 311 1
179 432 1
180 338 1
181 155 0
182 287 0
183 135 0
184 74 0
185 280 0
186 11 0
187 60 0
188 432 0
189 178 0
190 399 0
191 187 0
192 151 0
193 76 0
194 147 0
195 133 0
196 101 0
197 96 0
198 426 0
199 164 0
200 186 0
201 306 0
202 90 0
203 406 0
204 84 0
205 435 0
206 78 0
207 258 0
208 77 0
209 105 0
210 86 0
211 172 0
212 316 1
213 123 0
214 2 0
215 139 0
216 183 0
217 216 0
218 179 0
219 155 1
220 338 0
221 195 1
222 154 0
223 315 0
224 394 0
225 89 0
226 227 0
227 227 1
228 462 0
229 193 0
230 201 0
231 2 1
232 7 0
233 333 0
234 117 0
235 122 0
236 111 1
237 400 0
238 336 0
239 88 0
240 312 0
241 87 0
242 132 0
243 65 0
244 89 1
245 370 0
246 434 0
247 371 1
248 384 0
249 184 0
250 278 1
251 172 1
252 196 0
253 472 0
254 149 0
255 196 1
256 167 0
257 349 0
258 240 0
259 302 1
260 95 1
261 152 0
262 226 0
263 100 1
264 304 0
265 220 1
266 98 1
267 147 1
268 332 0
269 363 1
270 149 1
271 185 0
272 393 0
273 134 0
274 173 1
275 121 0
276 52 1
277 10 0
278 75 1
279 229 0
280 64 0
281 363 0
282 176 0
283 299 0
284 182 1
285 167 1
286 26 0
287 80 0
288 328 1
289 343 0
290 328 0
291 318 0
292 351 1
293 324 0
294 481 0
295 353 0
296 371 0
297 331 0
298 126 0
299 5 0
300 111 0
301 136 1
302 316 0
303 63 1
304 347 1
305 135 1
306 119 1
307 339 1
308 348 0
309 122 1
310 114 0
311 228 0
312 162 0
313 165 0
314 350 0
315 463 1
316 75 0
317 351 0
318 209 0
319 230 0
320 142 0
321 373 0
322 257 1
323 170 0
324 202 0
325 297 0
326 109 0
327 195 0
328 294 0
329 269 1
330 256 1
331 148 0
332 303 1
333 347 0
334 207 1
335 232 0
336 153 0
337 12 0
338 125 1
339 308 0
340 278 0
341 286 0
342 180 0
343 274 0
344 267 1
345 263 0
346 298 0
347 125 0
348 400 1
349 409 0
350 184 1
351 327 0
352 398 0
353 389 1
354 106 0
355 346 0
356 444 1
357 304 1
358 83 0
359 211 0
360 275 0
361 387 1
362 269 0
363 138 0
364 161 0
365 6 0
366 17 1
367 128 0
368 275 1
369 300 0
370 289 0
371 301 0
372 265 0
373 292 1
374 379 0
375 398 1
376 359 0
377 284 0
378 190 0
379 160 1
380 242 1
381 407 0
382 310 0
383 225 0
384 197 0
385 322 0
386 272 0
387 449 1
388 340 0
389 206 1
390 319 0
391 452 0
392 353 1
393 124 0
394 208 0
395 329 0
396 315 1
397 377 0
398 360 0
399 377 1
400 255 0
401 325 0
402 335 0
403 283 0
404 215 0
405 224 0
406 245 1
407 217 0
408 110 1
409 108 0
410 385 0
411 299 1
412 374 0
413 327 1
414 397 0
415 119 0
416 273 0
417 270 0
418 206 0
419 257 0
420 396 0
421 174 0
422 182 0
423 113 1
424 260 0
425 292 0
426 145 0
427 213 0
428 344 0
429 335 1
430 460 0
431 424 1
432 414 0
433 261 0
434 479 0
435 262 0
436 291 1
437 170 1
438 462 1
439 309 0
440 424 0
441 159 1
442 383 1
443 413 0
444 290 1
445 271 0
446 267 0
447 374 1
448 422 1
449 200 0
450 14 0
451 263 1
452 330 0
453 311 0
454 474 0
455 115 0
456 355 0
457 203 1
458 194 0
459 189 0
460 415 0
461 419 1
462 280 1
463 264 0
464 38 1
465 412 1
466 282 0
467 194 1
468 303 0
469 169 0
470 326 1
471 118 0
472 411 0
473 291 0
474 345 0
475 305 0
476 171 1
477 339 0
478 386 0
479 387 0
480 423 0
481 352 0
482 367 0
483 364 1
484 276 0
485 231 0
486 120 0
487 198 0
488 259 0
489 321 0
490 435 1
491 192 0
492 323 1
493 372 0
494 242 0
495 161 1
496 334 0
497 329 1
498 215 1
499 341 0
500 383 0
501 248 0
502 458 0
503 455 0
504 375 1
505 181 0
506 436 0
507 404 0
508 233 0
509 254 1
510 246 0
511 350 1
512 480 0
513 230 1
514 234 0
515 376 0
516 288 0
517 366 0
518 281 0
519 203 0
520 268 1
521 207 0
522 205 0
523 425 1
524 266 1
525 239 0
526 364 0
527 437 0
528 337 0
529 482 1
530 254 0
531 340 1
532 395 0
533 496 0
534 197 1
535 486 0
536 361 0
537 158 1
538 249 0
539 403 0
540 127 0
541 317 0
542 438 0
543 419 0
544 244 1
545 237 0
546 307 0
547 447 1
548 256 0
549 323 0
550 231 1
551 382 0
552 407 1
553 251 0
554 416 0
555 279 1
556 221 1
557 250 0
558 471 0
559 166 0
560 244 0
561 365 1
562 238 0
563 185 1
564 199 0
565 107 1
566 204 0
567 410 0
568 457 0
569 475 0
570 208 1
571 457 1
572 245 0
573 428 0
574 470 0
575 266 0
576 255 1
577 388 1
578 391 0
579 489 0
580 447 0
581 439 0
582 500 0
583 378 0
584 429 0
585 411 1
586 443 0
587 79 0
588 369 0
589 314 1
590 497 1
591 450 1
592 395 1
593 302 0
594 85 0
595 488 0
596 212 0
597 221 0
598 386 1
599 464 0
600 4 1
601 218 0
602 442 0
603 107 0
604 401 0
605 476 0
606 362 1
607 352 1
608 295 0
609 440 0
610 421 0
611 392 0
612 478 0
613 488 1
614 494 0
615 137 1
616 482 0
617 499 0
618 485 0
619 446 0
620 210 0
621 235 0
622 445 0
623 218 1
624 498 0
625 158 0
626 191 0
627 422 0
628 466 0
629 381 0
630 223 0
631 436 1
632 408 0
633 433 0
634 474 1
635 365 0
636 219 0
637 399 1
638 495 0
639 341 1
640 449 0
641 477 0
642 18 0
643 420 0
644 431 1
645 473 0
646 448 1
647 475 1
648 467 0
649 472 1
650 314 0
651 454 0
652 368 0
653 481 1
654 356 0
655 500 1
656 501 0
657 130 0
658 233 1
659 402 0
660 236 0
661 410 1
662 241 0
663 461 1
664 342 0
665 486 1
666 448 0
667 431 0
668 375 0
669 485 1
670 468 0
671 15 1
672 473 1
673 484 0
674 232 1
675 459 0
676 469 1
677 376 1
678 425 0
679 243 0
680 498 1
681 437 1
682 243 1
683 493 0
684 418 0
685 423 1
686 209 1
687 441 0
688 492 0
689 497 0
690 487 0
691 456 0
692 450 0
693 487 1
694 427 0
695 451 0
696 463 0
697 469 0
698 491 0
699 499 1
700 460 1
701 239 1
702 453 0
703 359 1
704 444 0
705 430 0
706 401 1
707 251 1
708 456 1
709 191 1
710 405 0
711 413 1
712 438 1
